1628
3 0 1 2 
3 3 4 5 
3 6 7 8 
3 9 10 11 
3 12 13 14 
3 15 16 17 
3 18 19 20 
3 21 22 23 
3 24 25 26 
3 27 28 29 
3 30 31 32 
3 33 34 35 
3 36 37 38 
3 39 40 41 
3 42 43 44 
3 45 46 47 
3 48 49 50 
3 51 52 53 
3 54 55 56 
3 57 58 59 
3 60 61 62 
3 63 64 65 
3 66 67 68 
3 69 70 71 
3 72 73 74 
3 75 76 77 
3 78 79 80 
3 81 82 83 
3 84 85 86 
3 87 88 89 
3 90 91 92 
3 93 94 95 
3 96 97 98 
3 99 100 101 
3 102 103 104 
3 105 106 107 
3 108 109 110 
3 111 112 113 
3 114 115 116 
3 117 118 119 
3 120 121 122 
3 123 124 125 
3 126 127 128 
3 129 130 131 
3 132 133 134 
3 135 136 137 
3 138 139 140 
3 141 142 143 
3 144 145 146 
3 147 148 149 
3 150 151 152 
3 153 154 155 
3 156 157 158 
3 159 160 161 
3 162 163 164 
3 165 166 167 
3 168 169 170 
3 171 172 173 
3 174 175 176 
3 177 178 179 
3 180 181 182 
3 183 184 185 
3 186 187 188 
3 189 190 191 
3 192 193 194 
3 195 196 197 
3 198 199 200 
3 201 202 203 
3 204 205 206 
3 207 208 209 
3 210 211 212 
3 213 214 215 
3 216 217 218 
3 219 220 221 
3 222 223 224 
3 225 226 227 
3 228 229 230 
3 231 232 233 
3 234 235 236 
3 237 238 239 
3 240 241 242 
3 243 244 245 
3 246 247 248 
3 249 250 251 
3 252 253 254 
3 255 256 257 
3 258 259 260 
3 261 262 263 
3 264 265 266 
3 267 268 269 
3 270 271 272 
3 273 274 275 
3 276 277 278 
3 279 280 281 
3 282 283 284 
3 285 286 287 
3 288 289 290 
3 291 292 293 
3 294 295 296 
3 297 298 299 
3 300 301 302 
3 303 304 305 
3 306 307 308 
3 309 310 311 
3 312 313 314 
3 315 316 317 
3 318 319 320 
3 321 322 323 
3 324 325 326 
3 327 328 329 
3 330 331 332 
3 333 334 335 
3 336 337 338 
3 339 340 341 
3 342 343 344 
3 345 346 347 
3 348 349 350 
3 351 352 353 
3 354 355 356 
3 357 358 359 
3 360 361 362 
3 363 364 365 
3 366 367 368 
3 369 370 371 
3 372 373 374 
3 375 376 377 
3 378 379 380 
3 381 382 383 
3 384 385 386 
3 387 388 389 
3 390 391 392 
3 393 394 395 
3 396 397 398 
3 399 400 401 
3 402 403 404 
3 405 406 407 
3 408 409 410 
3 411 412 413 
3 414 415 416 
3 417 418 419 
3 420 421 422 
3 423 424 425 
3 426 427 428 
3 429 430 431 
3 432 433 434 
3 435 436 437 
3 438 439 440 
3 441 442 443 
3 444 445 446 
3 447 448 449 
3 450 451 452 
3 453 454 455 
3 456 457 458 
3 459 460 461 
3 462 463 464 
3 465 466 467 
3 468 469 470 
3 471 472 473 
3 474 475 476 
3 477 478 479 
3 480 481 482 
3 483 484 485 
3 486 487 488 
3 489 490 491 
3 492 493 494 
3 495 496 497 
3 498 499 500 
3 501 502 503 
3 504 505 506 
3 507 508 509 
3 510 511 512 
3 513 514 515 
3 516 517 518 
3 519 520 521 
3 522 523 524 
3 525 526 527 
3 528 529 530 
3 531 532 533 
3 534 535 536 
3 537 538 539 
3 540 541 542 
3 543 544 545 
3 546 547 548 
3 549 550 551 
3 552 553 554 
3 555 556 557 
3 558 559 560 
3 561 562 563 
3 564 565 566 
3 567 568 569 
3 570 571 572 
3 573 574 575 
3 576 577 578 
3 579 580 581 
3 582 583 584 
3 585 586 587 
3 588 589 590 
3 591 592 593 
3 594 595 596 
3 597 598 599 
3 600 601 602 
3 603 604 605 
3 606 607 608 
3 609 610 611 
3 612 613 614 
3 615 616 617 
3 618 619 620 
3 621 622 623 
3 624 625 626 
3 627 628 629 
3 630 631 632 
3 633 634 635 
3 636 637 638 
3 639 640 641 
3 642 643 644 
3 645 646 647 
3 648 649 650 
3 651 652 653 
3 654 655 656 
3 657 658 659 
3 660 661 662 
3 663 664 665 
3 666 667 668 
3 669 670 671 
3 672 673 674 
3 675 676 677 
3 678 679 680 
3 681 682 683 
3 684 685 686 
3 687 688 689 
3 690 691 692 
3 693 694 695 
3 696 697 698 
3 699 700 701 
3 702 703 704 
3 705 706 707 
3 708 709 710 
3 711 712 713 
3 714 715 716 
3 717 718 719 
3 720 721 722 
3 723 724 725 
3 726 727 728 
3 729 730 731 
3 732 733 734 
3 735 736 737 
3 738 739 740 
3 741 742 743 
3 744 745 746 
3 747 748 749 
3 750 751 752 
3 753 754 755 
3 756 757 758 
3 759 760 761 
3 762 763 764 
3 765 766 767 
3 768 769 770 
3 771 772 773 
3 774 775 776 
3 777 778 779 
3 780 781 782 
3 783 784 785 
3 786 787 788 
3 789 790 791 
3 792 793 794 
3 795 796 797 
3 798 799 800 
3 801 802 803 
3 804 805 806 
3 807 808 809 
3 810 811 812 
3 813 814 815 
3 816 817 818 
3 819 820 821 
3 822 823 824 
3 825 826 827 
3 828 829 830 
3 831 832 833 
3 834 835 836 
3 837 838 839 
3 840 841 842 
3 843 844 845 
3 846 847 848 
3 849 850 851 
3 852 853 854 
3 855 856 857 
3 858 859 860 
3 861 862 863 
3 864 865 866 
3 867 868 869 
3 870 871 872 
3 873 874 875 
3 876 877 878 
3 879 880 881 
3 882 883 884 
3 885 886 887 
3 888 889 890 
3 891 892 893 
3 894 895 896 
3 897 898 899 
3 900 901 902 
3 903 904 905 
3 906 907 908 
3 909 910 911 
3 912 913 914 
3 915 916 917 
3 918 919 920 
3 921 922 923 
3 924 925 926 
3 927 928 929 
3 930 931 932 
3 933 934 935 
3 936 937 938 
3 939 940 941 
3 942 943 944 
3 945 946 947 
3 948 949 950 
3 951 952 953 
3 954 955 956 
3 957 958 959 
3 960 961 962 
3 963 964 965 
3 966 967 968 
3 969 970 971 
3 972 973 974 
3 975 976 977 
3 978 979 980 
3 981 982 983 
3 984 985 986 
3 987 988 989 
3 990 991 992 
3 993 994 995 
3 996 997 998 
3 999 1000 1001 
3 1002 1003 1004 
3 1005 1006 1007 
3 1008 1009 1010 
3 1011 1012 1013 
3 1014 1015 1016 
3 1017 1018 1019 
3 1020 1021 1022 
3 1023 1024 1025 
3 1026 1027 1028 
3 1029 1030 1031 
3 1032 1033 1034 
3 1035 1036 1037 
3 1038 1039 1040 
3 1041 1042 1043 
3 1044 1045 1046 
3 1047 1048 1049 
3 1050 1051 1052 
3 1053 1054 1055 
3 1056 1057 1058 
3 1059 1060 1061 
3 1062 1063 1064 
3 1065 1066 1067 
3 1068 1069 1070 
3 1071 1072 1073 
3 1074 1075 1076 
3 1077 1078 1079 
3 1080 1081 1082 
3 1083 1084 1085 
3 1086 1087 1088 
3 1089 1090 1091 
3 1092 1093 1094 
3 1095 1096 1097 
3 1098 1099 1100 
3 1101 1102 1103 
3 1104 1105 1106 
3 1107 1108 1109 
3 1110 1111 1112 
3 1113 1114 1115 
3 1116 1117 1118 
3 1119 1120 1121 
3 1122 1123 1124 
3 1125 1126 1127 
3 1128 1129 1130 
3 1131 1132 1133 
3 1134 1135 1136 
3 1137 1138 1139 
3 1140 1141 1142 
3 1143 1144 1145 
3 1146 1147 1148 
3 1149 1150 1151 
3 1152 1153 1154 
3 1155 1156 1157 
3 1158 1159 1160 
3 1161 1162 1163 
3 1164 1165 1166 
3 1167 1168 1169 
3 1170 1171 1172 
3 1173 1174 1175 
3 1176 1177 1178 
3 1179 1180 1181 
3 1182 1183 1184 
3 1185 1186 1187 
3 1188 1189 1190 
3 1191 1192 1193 
3 1194 1195 1196 
3 1197 1198 1199 
3 1200 1201 1202 
3 1203 1204 1205 
3 1206 1207 1208 
3 1209 1210 1211 
3 1212 1213 1214 
3 1215 1216 1217 
3 1218 1219 1220 
3 1221 1222 1223 
3 1224 1225 1226 
3 1227 1228 1229 
3 1230 1231 1232 
3 1233 1234 1235 
3 1236 1237 1238 
3 1239 1240 1241 
3 1242 1243 1244 
3 1245 1246 1247 
3 1248 1249 1250 
3 1251 1252 1253 
3 1254 1255 1256 
3 1257 1258 1259 
3 1260 1261 1262 
3 1263 1264 1265 
3 1266 1267 1268 
3 1269 1270 1271 
3 1272 1273 1274 
3 1275 1276 1277 
3 1278 1279 1280 
3 1281 1282 1283 
3 1284 1285 1286 
3 1287 1288 1289 
3 1290 1291 1292 
3 1293 1294 1295 
3 1296 1297 1298 
3 1299 1300 1301 
3 1302 1303 1304 
3 1305 1306 1307 
3 1308 1309 1310 
3 1311 1312 1313 
3 1314 1315 1316 
3 1317 1318 1319 
3 1320 1321 1322 
3 1323 1324 1325 
3 1326 1327 1328 
3 1329 1330 1331 
3 1332 1333 1334 
3 1335 1336 1337 
3 1338 1339 1340 
3 1341 1342 1343 
3 1344 1345 1346 
3 1347 1348 1349 
3 1350 1351 1352 
3 1353 1354 1355 
3 1356 1357 1358 
3 1359 1360 1361 
3 1362 1363 1364 
3 1365 1366 1367 
3 1368 1369 1370 
3 1371 1372 1373 
3 1374 1375 1376 
3 1377 1378 1379 
3 1380 1381 1382 
3 1383 1384 1385 
3 1386 1387 1388 
3 1389 1390 1391 
3 1392 1393 1394 
3 1395 1396 1397 
3 1398 1399 1400 
3 1401 1402 1403 
3 1404 1405 1406 
3 1407 1408 1409 
3 1410 1411 1412 
3 1413 1414 1415 
3 1416 1417 1418 
3 1419 1420 1421 
3 1422 1423 1424 
3 1425 1426 1427 
3 1428 1429 1430 
3 1431 1432 1433 
3 1434 1435 1436 
3 1437 1438 1439 
3 1440 1441 1442 
3 1443 1444 1445 
3 1446 1447 1448 
3 1449 1450 1451 
3 1452 1453 1454 
3 1455 1456 1457 
3 1458 1459 1460 
3 1461 1462 1463 
3 1464 1465 1466 
3 1467 1468 1469 
3 1470 1471 1472 
3 1473 1474 1475 
3 1476 1477 1478 
3 1479 1480 1481 
3 1482 1483 1484 
3 1485 1486 1487 
3 1488 1489 1490 
3 1491 1492 1493 
3 1494 1495 1496 
3 1497 1498 1499 
3 1500 1501 1502 
3 1503 1504 1505 
3 1506 1507 1508 
3 1509 1510 1511 
3 1512 1513 1514 
3 1515 1516 1517 
3 1518 1519 1520 
3 1521 1522 1523 
3 1524 1525 1526 
3 1527 1528 1529 
3 1530 1531 1532 
3 1533 1534 1535 
3 1536 1537 1538 
3 1539 1540 1541 
3 1542 1543 1544 
3 1545 1546 1547 
3 1548 1549 1550 
3 1551 1552 1553 
3 1554 1555 1556 
3 1557 1558 1559 
3 1560 1561 1562 
3 1563 1564 1565 
3 1566 1567 1568 
3 1569 1570 1571 
3 1572 1573 1574 
3 1575 1576 1577 
3 1578 1579 1580 
3 1581 1582 1583 
3 1584 1585 1586 
3 1587 1588 1589 
3 1590 1591 1592 
3 1593 1594 1595 
3 1596 1597 1598 
3 1599 1600 1601 
3 1602 1603 1604 
3 1605 1606 1607 
3 1608 1609 1610 
3 1611 1612 1613 
3 1614 1615 1616 
4 1617 1618 1619 1620 
4 1621 1622 1623 1624 
4 1625 1626 1627 1628 
4 1629 1630 1631 1632 
4 1633 1634 1635 1636 
4 1637 1638 1639 1640 
4 1641 1642 1643 1644 
4 1645 1646 1647 1648 
4 1649 1650 1651 1652 
4 1653 1654 1655 1656 
4 1657 1658 1659 1660 
4 1661 1662 1663 1664 
4 1665 1666 1667 1668 
4 1669 1670 1671 1672 
4 1673 1674 1675 1676 
4 1677 1678 1679 1680 
4 1681 1682 1683 1684 
4 1685 1686 1687 1688 
4 1689 1690 1691 1692 
4 1693 1694 1695 1696 
4 1697 1698 1699 1700 
4 1701 1702 1703 1704 
4 1705 1706 1707 1708 
4 1709 1710 1711 1712 
4 1713 1714 1715 1716 
4 1717 1718 1719 1720 
4 1721 1722 1723 1724 
4 1725 1726 1727 1728 
4 1729 1730 1731 1732 
4 1733 1734 1735 1736 
4 1737 1738 1739 1740 
4 1741 1742 1743 1744 
4 1745 1746 1747 1748 
4 1749 1750 1751 1752 
4 1753 1754 1755 1756 
4 1757 1758 1759 1760 
4 1761 1762 1763 1764 
4 1765 1766 1767 1768 
4 1769 1770 1771 1772 
4 1773 1774 1775 1776 
4 1777 1778 1779 1780 
4 1781 1782 1783 1784 
4 1785 1786 1787 1788 
4 1789 1790 1791 1792 
4 1793 1794 1795 1796 
4 1797 1798 1799 1800 
4 1801 1802 1803 1804 
4 1805 1806 1807 1808 
4 1809 1810 1811 1812 
4 1813 1814 1815 1816 
4 1817 1818 1819 1820 
4 1821 1822 1823 1824 
4 1825 1826 1827 1828 
4 1829 1830 1831 1832 
4 1833 1834 1835 1836 
4 1837 1838 1839 1840 
4 1841 1842 1843 1844 
4 1845 1846 1847 1848 
4 1849 1850 1851 1852 
4 1853 1854 1855 1856 
4 1857 1858 1859 1860 
4 1861 1862 1863 1864 
4 1865 1866 1867 1868 
4 1869 1870 1871 1872 
4 1873 1874 1875 1876 
4 1877 1878 1879 1880 
4 1881 1882 1883 1884 
4 1885 1886 1887 1888 
4 1889 1890 1891 1892 
4 1893 1894 1895 1896 
4 1897 1898 1899 1900 
4 1901 1902 1903 1904 
4 1905 1906 1907 1908 
4 1909 1910 1911 1912 
4 1913 1914 1915 1916 
4 1917 1918 1919 1920 
4 1921 1922 1923 1924 
4 1925 1926 1927 1928 
4 1929 1930 1931 1932 
4 1933 1934 1935 1936 
4 1937 1938 1939 1940 
4 1941 1942 1943 1944 
4 1945 1946 1947 1948 
4 1949 1950 1951 1952 
4 1953 1954 1955 1956 
4 1957 1958 1959 1960 
4 1961 1962 1963 1964 
4 1965 1966 1967 1968 
4 1969 1970 1971 1972 
4 1973 1974 1975 1976 
4 1977 1978 1979 1980 
4 1981 1982 1983 1984 
4 1985 1986 1987 1988 
4 1989 1990 1991 1992 
4 1993 1994 1995 1996 
4 1997 1998 1999 2000 
4 2001 2002 2003 2004 
4 2005 2006 2007 2008 
4 2009 2010 2011 2012 
4 2013 2014 2015 2016 
4 2017 2018 2019 2020 
4 2021 2022 2023 2024 
4 2025 2026 2027 2028 
4 2029 2030 2031 2032 
4 2033 2034 2035 2036 
4 2037 2038 2039 2040 
4 2041 2042 2043 2044 
4 2045 2046 2047 2048 
4 2049 2050 2051 2052 
4 2053 2054 2055 2056 
4 2057 2058 2059 2060 
4 2061 2062 2063 2064 
4 2065 2066 2067 2068 
4 2069 2070 2071 2072 
4 2073 2074 2075 2076 
4 2077 2078 2079 2080 
4 2081 2082 2083 2084 
4 2085 2086 2087 2088 
4 2089 2090 2091 2092 
4 2093 2094 2095 2096 
4 2097 2098 2099 2100 
4 2101 2102 2103 2104 
4 2105 2106 2107 2108 
4 2109 2110 2111 2112 
4 2113 2114 2115 2116 
4 2117 2118 2119 2120 
4 2121 2122 2123 2124 
4 2125 2126 2127 2128 
4 2129 2130 2131 2132 
4 2133 2134 2135 2136 
4 2137 2138 2139 2140 
4 2141 2142 2143 2144 
4 2145 2146 2147 2148 
4 2149 2150 2151 2152 
4 2153 2154 2155 2156 
4 2157 2158 2159 2160 
4 2161 2162 2163 2164 
4 2165 2166 2167 2168 
4 2169 2170 2171 2172 
4 2173 2174 2175 2176 
4 2177 2178 2179 2180 
4 2181 2182 2183 2184 
4 2185 2186 2187 2188 
4 2189 2190 2191 2192 
4 2193 2194 2195 2196 
4 2197 2198 2199 2200 
4 2201 2202 2203 2204 
4 2205 2206 2207 2208 
4 2209 2210 2211 2212 
4 2213 2214 2215 2216 
4 2217 2218 2219 2220 
4 2221 2222 2223 2224 
4 2225 2226 2227 2228 
4 2229 2230 2231 2232 
4 2233 2234 2235 2236 
4 2237 2238 2239 2240 
4 2241 2242 2243 2244 
4 2245 2246 2247 2248 
4 2249 2250 2251 2252 
4 2253 2254 2255 2256 
4 2257 2258 2259 2260 
4 2261 2262 2263 2264 
4 2265 2266 2267 2268 
4 2269 2270 2271 2272 
4 2273 2274 2275 2276 
4 2277 2278 2279 2280 
4 2281 2282 2283 2284 
4 2285 2286 2287 2288 
4 2289 2290 2291 2292 
4 2293 2294 2295 2296 
4 2297 2298 2299 2300 
4 2301 2302 2303 2304 
4 2305 2306 2307 2308 
4 2309 2310 2311 2312 
4 2313 2314 2315 2316 
4 2317 2318 2319 2320 
4 2321 2322 2323 2324 
4 2325 2326 2327 2328 
4 2329 2330 2331 2332 
4 2333 2334 2335 2336 
4 2337 2338 2339 2340 
4 2341 2342 2343 2344 
4 2345 2346 2347 2348 
4 2349 2350 2351 2352 
4 2353 2354 2355 2356 
4 2357 2358 2359 2360 
4 2361 2362 2363 2364 
4 2365 2366 2367 2368 
4 2369 2370 2371 2372 
4 2373 2374 2375 2376 
4 2377 2378 2379 2380 
4 2381 2382 2383 2384 
4 2385 2386 2387 2388 
4 2389 2390 2391 2392 
4 2393 2394 2395 2396 
4 2397 2398 2399 2400 
4 2401 2402 2403 2404 
4 2405 2406 2407 2408 
4 2409 2410 2411 2412 
4 2413 2414 2415 2416 
4 2417 2418 2419 2420 
4 2421 2422 2423 2424 
4 2425 2426 2427 2428 
4 2429 2430 2431 2432 
4 2433 2434 2435 2436 
4 2437 2438 2439 2440 
4 2441 2442 2443 2444 
4 2445 2446 2447 2448 
4 2449 2450 2451 2452 
4 2453 2454 2455 2456 
4 2457 2458 2459 2460 
4 2461 2462 2463 2464 
4 2465 2466 2467 2468 
4 2469 2470 2471 2472 
4 2473 2474 2475 2476 
4 2477 2478 2479 2480 
4 2481 2482 2483 2484 
4 2485 2486 2487 2488 
4 2489 2490 2491 2492 
4 2493 2494 2495 2496 
4 2497 2498 2499 2500 
4 2501 2502 2503 2504 
4 2505 2506 2507 2508 
4 2509 2510 2511 2512 
4 2513 2514 2515 2516 
4 2517 2518 2519 2520 
4 2521 2522 2523 2524 
4 2525 2526 2527 2528 
4 2529 2530 2531 2532 
4 2533 2534 2535 2536 
4 2537 2538 2539 2540 
4 2541 2542 2543 2544 
4 2545 2546 2547 2548 
4 2549 2550 2551 2552 
4 2553 2554 2555 2556 
4 2557 2558 2559 2560 
4 2561 2562 2563 2564 
4 2565 2566 2567 2568 
4 2569 2570 2571 2572 
4 2573 2574 2575 2576 
4 2577 2578 2579 2580 
4 2581 2582 2583 2584 
4 2585 2586 2587 2588 
4 2589 2590 2591 2592 
4 2593 2594 2595 2596 
4 2597 2598 2599 2600 
4 2601 2602 2603 2604 
4 2605 2606 2607 2608 
4 2609 2610 2611 2612 
4 2613 2614 2615 2616 
4 2617 2618 2619 2620 
4 2621 2622 2623 2624 
4 2625 2626 2627 2628 
4 2629 2630 2631 2632 
4 2633 2634 2635 2636 
4 2637 2638 2639 2640 
4 2641 2642 2643 2644 
4 2645 2646 2647 2648 
4 2649 2650 2651 2652 
4 2653 2654 2655 2656 
4 2657 2658 2659 2660 
4 2661 2662 2663 2664 
4 2665 2666 2667 2668 
4 2669 2670 2671 2672 
4 2673 2674 2675 2676 
4 2677 2678 2679 2680 
4 2681 2682 2683 2684 
4 2685 2686 2687 2688 
4 2689 2690 2691 2692 
4 2693 2694 2695 2696 
4 2697 2698 2699 2700 
4 2701 2702 2703 2704 
4 2705 2706 2707 2708 
4 2709 2710 2711 2712 
4 2713 2714 2715 2716 
4 2717 2718 2719 2720 
4 2721 2722 2723 2724 
4 2725 2726 2727 2728 
4 2729 2730 2731 2732 
4 2733 2734 2735 2736 
4 2737 2738 2739 2740 
4 2741 2742 2743 2744 
4 2745 2746 2747 2748 
4 2749 2750 2751 2752 
4 2753 2754 2755 2756 
4 2757 2758 2759 2760 
4 2761 2762 2763 2764 
4 2765 2766 2767 2768 
4 2769 2770 2771 2772 
4 2773 2774 2775 2776 
4 2777 2778 2779 2780 
4 2781 2782 2783 2784 
4 2785 2786 2787 2788 
4 2789 2790 2791 2792 
4 2793 2794 2795 2796 
4 2797 2798 2799 2800 
4 2801 2802 2803 2804 
4 2805 2806 2807 2808 
4 2809 2810 2811 2812 
4 2813 2814 2815 2816 
4 2817 2818 2819 2820 
4 2821 2822 2823 2824 
4 2825 2826 2827 2828 
4 2829 2830 2831 2832 
4 2833 2834 2835 2836 
4 2837 2838 2839 2840 
4 2841 2842 2843 2844 
4 2845 2846 2847 2848 
4 2849 2850 2851 2852 
4 2853 2854 2855 2856 
4 2857 2858 2859 2860 
4 2861 2862 2863 2864 
4 2865 2866 2867 2868 
4 2869 2870 2871 2872 
4 2873 2874 2875 2876 
4 2877 2878 2879 2880 
4 2881 2882 2883 2884 
4 2885 2886 2887 2888 
4 2889 2890 2891 2892 
4 2893 2894 2895 2896 
4 2897 2898 2899 2900 
4 2901 2902 2903 2904 
4 2905 2906 2907 2908 
4 2909 2910 2911 2912 
4 2913 2914 2915 2916 
4 2917 2918 2919 2920 
4 2921 2922 2923 2924 
4 2925 2926 2927 2928 
4 2929 2930 2931 2932 
4 2933 2934 2935 2936 
4 2937 2938 2939 2940 
4 2941 2942 2943 2944 
4 2945 2946 2947 2948 
4 2949 2950 2951 2952 
4 2953 2954 2955 2956 
4 2957 2958 2959 2960 
4 2961 2962 2963 2964 
4 2965 2966 2967 2968 
4 2969 2970 2971 2972 
4 2973 2974 2975 2976 
4 2977 2978 2979 2980 
4 2981 2982 2983 2984 
4 2985 2986 2987 2988 
4 2989 2990 2991 2992 
4 2993 2994 2995 2996 
4 2997 2998 2999 3000 
4 3001 3002 3003 3004 
4 3005 3006 3007 3008 
4 3009 3010 3011 3012 
4 3013 3014 3015 3016 
4 3017 3018 3019 3020 
4 3021 3022 3023 3024 
4 3025 3026 3027 3028 
4 3029 3030 3031 3032 
4 3033 3034 3035 3036 
4 3037 3038 3039 3040 
4 3041 3042 3043 3044 
4 3045 3046 3047 3048 
4 3049 3050 3051 3052 
4 3053 3054 3055 3056 
4 3057 3058 3059 3060 
4 3061 3062 3063 3064 
4 3065 3066 3067 3068 
4 3069 3070 3071 3072 
4 3073 3074 3075 3076 
4 3077 3078 3079 3080 
4 3081 3082 3083 3084 
4 3085 3086 3087 3088 
4 3089 3090 3091 3092 
4 3093 3094 3095 3096 
4 3097 3098 3099 3100 
4 3101 3102 3103 3104 
4 3105 3106 3107 3108 
4 3109 3110 3111 3112 
4 3113 3114 3115 3116 
4 3117 3118 3119 3120 
4 3121 3122 3123 3124 
4 3125 3126 3127 3128 
4 3129 3130 3131 3132 
4 3133 3134 3135 3136 
4 3137 3138 3139 3140 
4 3141 3142 3143 3144 
4 3145 3146 3147 3148 
4 3149 3150 3151 3152 
4 3153 3154 3155 3156 
4 3157 3158 3159 3160 
4 3161 3162 3163 3164 
4 3165 3166 3167 3168 
4 3169 3170 3171 3172 
4 3173 3174 3175 3176 
4 3177 3178 3179 3180 
4 3181 3182 3183 3184 
4 3185 3186 3187 3188 
4 3189 3190 3191 3192 
4 3193 3194 3195 3196 
4 3197 3198 3199 3200 
4 3201 3202 3203 3204 
4 3205 3206 3207 3208 
4 3209 3210 3211 3212 
4 3213 3214 3215 3216 
4 3217 3218 3219 3220 
4 3221 3222 3223 3224 
4 3225 3226 3227 3228 
4 3229 3230 3231 3232 
4 3233 3234 3235 3236 
4 3237 3238 3239 3240 
4 3241 3242 3243 3244 
4 3245 3246 3247 3248 
4 3249 3250 3251 3252 
4 3253 3254 3255 3256 
4 3257 3258 3259 3260 
4 3261 3262 3263 3264 
4 3265 3266 3267 3268 
4 3269 3270 3271 3272 
4 3273 3274 3275 3276 
4 3277 3278 3279 3280 
4 3281 3282 3283 3284 
4 3285 3286 3287 3288 
4 3289 3290 3291 3292 
4 3293 3294 3295 3296 
4 3297 3298 3299 3300 
4 3301 3302 3303 3304 
4 3305 3306 3307 3308 
4 3309 3310 3311 3312 
4 3313 3314 3315 3316 
4 3317 3318 3319 3320 
4 3321 3322 3323 3324 
4 3325 3326 3327 3328 
4 3329 3330 3331 3332 
4 3333 3334 3335 3336 
4 3337 3338 3339 3340 
4 3341 3342 3343 3344 
4 3345 3346 3347 3348 
4 3349 3350 3351 3352 
4 3353 3354 3355 3356 
4 3357 3358 3359 3360 
4 3361 3362 3363 3364 
4 3365 3366 3367 3368 
4 3369 3370 3371 3372 
4 3373 3374 3375 3376 
4 3377 3378 3379 3380 
4 3381 3382 3383 3384 
4 3385 3386 3387 3388 
4 3389 3390 3391 3392 
4 3393 3394 3395 3396 
4 3397 3398 3399 3400 
4 3401 3402 3403 3404 
4 3405 3406 3407 3408 
4 3409 3410 3411 3412 
4 3413 3414 3415 3416 
4 3417 3418 3419 3420 
4 3421 3422 3423 3424 
4 3425 3426 3427 3428 
4 3429 3430 3431 3432 
4 3433 3434 3435 3436 
4 3437 3438 3439 3440 
4 3441 3442 3443 3444 
4 3445 3446 3447 3448 
4 3449 3450 3451 3452 
4 3453 3454 3455 3456 
4 3457 3458 3459 3460 
4 3461 3462 3463 3464 
4 3465 3466 3467 3468 
4 3469 3470 3471 3472 
4 3473 3474 3475 3476 
4 3477 3478 3479 3480 
4 3481 3482 3483 3484 
4 3485 3486 3487 3488 
4 3489 3490 3491 3492 
4 3493 3494 3495 3496 
4 3497 3498 3499 3500 
4 3501 3502 3503 3504 
4 3505 3506 3507 3508 
4 3509 3510 3511 3512 
4 3513 3514 3515 3516 
4 3517 3518 3519 3520 
4 3521 3522 3523 3524 
4 3525 3526 3527 3528 
4 3529 3530 3531 3532 
4 3533 3534 3535 3536 
4 3537 3538 3539 3540 
4 3541 3542 3543 3544 
4 3545 3546 3547 3548 
4 3549 3550 3551 3552 
4 3553 3554 3555 3556 
4 3557 3558 3559 3560 
4 3561 3562 3563 3564 
4 3565 3566 3567 3568 
4 3569 3570 3571 3572 
4 3573 3574 3575 3576 
4 3577 3578 3579 3580 
4 3581 3582 3583 3584 
4 3585 3586 3587 3588 
4 3589 3590 3591 3592 
4 3593 3594 3595 3596 
4 3597 3598 3599 3600 
4 3601 3602 3603 3604 
4 3605 3606 3607 3608 
4 3609 3610 3611 3612 
4 3613 3614 3615 3616 
4 3617 3618 3619 3620 
4 3621 3622 3623 3624 
4 3625 3626 3627 3628 
4 3629 3630 3631 3632 
4 3633 3634 3635 3636 
4 3637 3638 3639 3640 
4 3641 3642 3643 3644 
4 3645 3646 3647 3648 
4 3649 3650 3651 3652 
4 3653 3654 3655 3656 
4 3657 3658 3659 3660 
4 3661 3662 3663 3664 
4 3665 3666 3667 3668 
4 3669 3670 3671 3672 
4 3673 3674 3675 3676 
4 3677 3678 3679 3680 
4 3681 3682 3683 3684 
4 3685 3686 3687 3688 
4 3689 3690 3691 3692 
4 3693 3694 3695 3696 
4 3697 3698 3699 3700 
4 3701 3702 3703 3704 
4 3705 3706 3707 3708 
4 3709 3710 3711 3712 
4 3713 3714 3715 3716 
4 3717 3718 3719 3720 
4 3721 3722 3723 3724 
4 3725 3726 3727 3728 
4 3729 3730 3731 3732 
4 3733 3734 3735 3736 
4 3737 3738 3739 3740 
4 3741 3742 3743 3744 
4 3745 3746 3747 3748 
4 3749 3750 3751 3752 
4 3753 3754 3755 3756 
4 3757 3758 3759 3760 
4 3761 3762 3763 3764 
4 3765 3766 3767 3768 
4 3769 3770 3771 3772 
4 3773 3774 3775 3776 
4 3777 3778 3779 3780 
4 3781 3782 3783 3784 
4 3785 3786 3787 3788 
4 3789 3790 3791 3792 
4 3793 3794 3795 3796 
4 3797 3798 3799 3800 
4 3801 3802 3803 3804 
4 3805 3806 3807 3808 
4 3809 3810 3811 3812 
4 3813 3814 3815 3816 
4 3817 3818 3819 3820 
4 3821 3822 3823 3824 
4 3825 3826 3827 3828 
4 3829 3830 3831 3832 
4 3833 3834 3835 3836 
4 3837 3838 3839 3840 
4 3841 3842 3843 3844 
4 3845 3846 3847 3848 
4 3849 3850 3851 3852 
4 3853 3854 3855 3856 
4 3857 3858 3859 3860 
4 3861 3862 3863 3864 
4 3865 3866 3867 3868 
4 3869 3870 3871 3872 
4 3873 3874 3875 3876 
4 3877 3878 3879 3880 
4 3881 3882 3883 3884 
4 3885 3886 3887 3888 
4 3889 3890 3891 3892 
4 3893 3894 3895 3896 
4 3897 3898 3899 3900 
4 3901 3902 3903 3904 
4 3905 3906 3907 3908 
4 3909 3910 3911 3912 
4 3913 3914 3915 3916 
4 3917 3918 3919 3920 
4 3921 3922 3923 3924 
4 3925 3926 3927 3928 
4 3929 3930 3931 3932 
4 3933 3934 3935 3936 
4 3937 3938 3939 3940 
4 3941 3942 3943 3944 
4 3945 3946 3947 3948 
4 3949 3950 3951 3952 
4 3953 3954 3955 3956 
2 3957 3958 
2 3959 3960 
2 3961 3962 
2 3963 3964 
2 3965 3966 
2 3967 3968 
2 3969 3970 
2 3971 3972 
2 3973 3974 
2 3975 3976 
2 3977 3978 
2 3979 3980 
2 3981 3982 
2 3983 3984 
2 3985 3986 
2 3987 3988 
2 3989 3990 
2 3991 3992 
2 3993 3994 
2 3995 3996 
2 3997 3998 
2 3999 4000 
2 4001 4002 
2 4003 4004 
2 4005 4006 
2 4007 4008 
2 4009 4010 
2 4011 4012 
2 4013 4014 
2 4015 4016 
2 4017 4018 
2 4019 4020 
2 4021 4022 
2 4023 4024 
2 4025 4026 
2 4027 4028 
2 4029 4030 
2 4031 4032 
2 4033 4034 
2 4035 4036 
2 4037 4038 
2 4039 4040 
2 4041 4042 
2 4043 4044 
2 4045 4046 
2 4047 4048 
2 4049 4050 
2 4051 4052 
2 4053 4054 
2 4055 4056 
2 4057 4058 
2 4059 4060 
2 4061 4062 
2 4063 4064 
2 4065 4066 
2 4067 4068 
2 4069 4070 
2 4071 4072 
2 4073 4074 
2 4075 4076 
2 4077 4078 
2 4079 4080 
2 4081 4082 
2 4083 4084 
2 4085 4086 
2 4087 4088 
2 4089 4090 
2 4091 4092 
2 4093 4094 
2 4095 4096 
2 4097 4098 
2 4099 4100 
2 4101 4102 
2 4103 4104 
2 4105 4106 
2 4107 4108 
2 4109 4110 
2 4111 4112 
2 4113 4114 
2 4115 4116 
2 4117 4118 
2 4119 4120 
2 4121 4122 
2 4123 4124 
2 4125 4126 
2 4127 4128 
2 4129 4130 
2 4131 4132 
2 4133 4134 
2 4135 4136 
2 4137 4138 
2 4139 4140 
2 4141 4142 
2 4143 4144 
2 4145 4146 
2 4147 4148 
2 4149 4150 
2 4151 4152 
2 4153 4154 
2 4155 4156 
2 4157 4158 
2 4159 4160 
2 4161 4162 
2 4163 4164 
2 4165 4166 
2 4167 4168 
2 4169 4170 
2 4171 4172 
2 4173 4174 
2 4175 4176 
2 4177 4178 
2 4179 4180 
2 4181 4182 
2 4183 4184 
2 4185 4186 
2 4187 4188 
2 4189 4190 
2 4191 4192 
2 4193 4194 
2 4195 4196 
2 4197 4198 
2 4199 4200 
2 4201 4202 
2 4203 4204 
2 4205 4206 
2 4207 4208 
2 4209 4210 
2 4211 4212 
2 4213 4214 
2 4215 4216 
2 4217 4218 
2 4219 4220 
2 4221 4222 
2 4223 4224 
2 4225 4226 
2 4227 4228 
2 4229 4230 
2 4231 4232 
2 4233 4234 
2 4235 4236 
2 4237 4238 
2 4239 4240 
2 4241 4242 
2 4243 4244 
2 4245 4246 
2 4247 4248 
2 4249 4250 
2 4251 4252 
2 4253 4254 
2 4255 4256 
2 4257 4258 
2 4259 4260 
2 4261 4262 
2 4263 4264 
2 4265 4266 
2 4267 4268 
2 4269 4270 
2 4271 4272 
2 4273 4274 
2 4275 4276 
2 4277 4278 
2 4279 4280 
2 4281 4282 
2 4283 4284 
2 4285 4286 
2 4287 4288 
2 4289 4290 
2 4291 4292 
2 4293 4294 
2 4295 4296 
2 4297 4298 
2 4299 4300 
2 4301 4302 
2 4303 4304 
2 4305 4306 
2 4307 4308 
2 4309 4310 
2 4311 4312 
2 4313 4314 
2 4315 4316 
2 4317 4318 
2 4319 4320 
2 4321 4322 
2 4323 4324 
2 4325 4326 
2 4327 4328 
2 4329 4330 
2 4331 4332 
2 4333 4334 
2 4335 4336 
2 4337 4338 
2 4339 4340 
2 4341 4342 
2 4343 4344 
2 4345 4346 
2 4347 4348 
2 4349 4350 
2 4351 4352 
2 4353 4354 
2 4355 4356 
2 4357 4358 
2 4359 4360 
2 4361 4362 
2 4363 4364 
2 4365 4366 
2 4367 4368 
2 4369 4370 
2 4371 4372 
2 4373 4374 
2 4375 4376 
2 4377 4378 
2 4379 4380 
2 4381 4382 
2 4383 4384 
2 4385 4386 
2 4387 4388 
2 4389 4390 
2 4391 4392 
2 4393 4394 
2 4395 4396 
2 4397 4398 
2 4399 4400 
2 4401 4402 
2 4403 4404 
2 4405 4406 
2 4407 4408 
2 4409 4410 
2 4411 4412 
2 4413 4414 
2 4415 4416 
2 4417 4418 
2 4419 4420 
2 4421 4422 
2 4423 4424 
2 4425 4426 
2 4427 4428 
2 4429 4430 
2 4431 4432 
2 4433 4434 
2 4435 4436 
2 4437 4438 
2 4439 4440 
2 4441 4442 
2 4443 4444 
2 4445 4446 
2 4447 4448 
2 4449 4450 
2 4451 4452 
2 4453 4454 
2 4455 4456 
2 4457 4458 
2 4459 4460 
2 4461 4462 
2 4463 4464 
2 4465 4466 
2 4467 4468 
2 4469 4470 
2 4471 4472 
2 4473 4474 
2 4475 4476 
2 4477 4478 
2 4479 4480 
2 4481 4482 
2 4483 4484 
2 4485 4486 
2 4487 4488 
2 4489 4490 
2 4491 4492 
2 4493 4494 
2 4495 4496 
2 4497 4498 
2 4499 4500 
2 4501 4502 
2 4503 4504 
2 4505 4506 
2 4507 4508 
2 4509 4510 
2 4511 4512 
2 4513 4514 
2 4515 4516 
2 4517 4518 
2 4519 4520 
2 4521 4522 
2 4523 4524 
2 4525 4526 
2 4527 4528 
2 4529 4530 
2 4531 4532 
2 4533 4534 
2 4535 4536 
2 4537 4538 
2 4539 4540 
2 4541 4542 
2 4543 4544 
2 4545 4546 
2 4547 4548 
2 4549 4550 
2 4551 4552 
2 4553 4554 
2 4555 4556 
2 4557 4558 
2 4559 4560 
2 4561 4562 
2 4563 4564 
2 4565 4566 
2 4567 4568 
2 4569 4570 
2 4571 4572 
2 4573 4574 
2 4575 4576 
2 4577 4578 
2 4579 4580 
2 4581 4582 
2 4583 4584 
2 4585 4586 
2 4587 4588 
2 4589 4590 
2 4591 4592 
2 4593 4594 
2 4595 4596 
2 4597 4598 
2 4599 4600 
2 4601 4602 
2 4603 4604 
2 4605 4606 
2 4607 4608 
2 4609 4610 
2 4611 4612 
2 4613 4614 
2 4615 4616 
2 4617 4618 
2 4619 4620 
2 4621 4622 
2 4623 4624 
2 4625 4626 
2 4627 4628 
2 4629 4630 
2 4631 4632 
2 4633 4634 
2 4635 4636 
2 4637 4638 
2 4639 4640 
2 4641 4642 
2 4643 4644 
2 4645 4646 
2 4647 4648 
2 4649 4650 
2 4651 4652 
2 4653 4654 
2 4655 4656 
2 4657 4658 
2 4659 4660 
2 4661 4662 
2 4663 4664 
2 4665 4666 
2 4667 4668 
2 4669 4670 
2 4671 4672 
2 4673 4674 
2 4675 4676 
2 4677 4678 
2 4679 4680 
2 4681 4682 
2 4683 4684 
2 4685 4686 
2 4687 4688 
2 4689 4690 
2 4691 4692 
2 4693 4694 
2 4695 4696 
2 4697 4698 
2 4699 4700 
2 4701 4702 
2 4703 4704 
2 4705 4706 
2 4707 4708 
2 4709 4710 
2 4711 4712 
2 4713 4714 
2 4715 4716 
2 4717 4718 
2 4719 4720 
2 4721 4722 
2 4723 4724 
2 4725 4726 
2 4727 4728 
2 4729 4730 
2 4731 4732 
2 4733 4734 
2 4735 4736 
2 4737 4738 
2 4739 4740 
2 4741 4742 
2 4743 4744 
2 4745 4746 
2 4747 4748 
2 4749 4750 
2 4751 4752 
2 4753 4754 
2 4755 4756 
2 4757 4758 
2 4759 4760 
2 4761 4762 
2 4763 4764 
2 4765 4766 
2 4767 4768 
2 4769 4770 
2 4771 4772 
2 4773 4774 
2 4775 4776 
2 4777 4778 
2 4779 4780 
2 4781 4782 
2 4783 4784 
2 4785 4786 
2 4787 4788 
2 4789 4790 
2 4791 4792 
2 4793 4794 
2 4795 4796 
2 4797 4798 
2 4799 4800 
2 4801 4802 
2 4803 4804 
2 4805 4806 
2 4807 4808 
2 4809 4810 
2 4811 4812 
2 4813 4814 
2 4815 4816 
2 4817 4818 
2 4819 4820 
2 4821 4822 
2 4823 4824 
2 4825 4826 
2 4827 4828 
2 4829 4830 
2 4831 4832 
2 4833 4834 
2 4835 4836 
2 4837 4838 
2 4839 4840 
2 4841 4842 
2 4843 4844 
2 4845 4846 
2 4847 4848 
2 4849 4850 
2 4851 4852 
2 4853 4854 
2 4855 4856 
2 4857 4858 
2 4859 4860 
2 4861 4862 
2 4863 4864 
2 4865 4866 
2 4867 4868 
2 4869 4870 
2 4871 4872 
2 4873 4874 
2 4875 4876 
2 4877 4878 
2 4879 4880 
2 4881 4882 
2 4883 4884 
2 4885 4886 
2 4887 4888 
2 4889 4890 
2 4891 4892 
2 4893 4894 
2 4895 4896 
2 4897 4898 
2 4899 4900 
2 4901 4902 
2 4903 4904 
2 4905 4906 
2 4907 4908 
2 4909 4910 
2 4911 4912 
2 4913 4914 
2 4915 4916 
2 4917 4918 
2 4919 4920 
2 4921 4922 
2 4923 4924 
2 4925 4926 
2 4927 4928 
2 4929 4930 
2 4931 4932 
2 4933 4934 
2 4935 4936 
2 4937 4938 
2 4939 4940 
2 4941 4942 
2 4943 4944 
2 4945 4946 
2 4947 4948 
2 4949 4950 
2 4951 4952 
2 4953 4954 
2 4955 4956 
2 4957 4958 
2 4959 4960 
2 4961 4962 
2 4963 4964 
